GO:0006412;GO:0034645;GO:0043043;GO:0009059;GO:0044249;GO:0006518;GO:0043604;GO:1901566;GO:1901576;GO:0043603;GO:0044271	GO:0051276	GO:0016043;GO:0071840	GO:0040011	GO:0006399;GO:0034660	GO:0007059	GO:0002376	GO:0006520;GO:0019752;GO:0043436;GO:0006082	GO:0007009	GO:0016070	GO:0005975	GO:0034655;GO:0019439;GO:0044270;GO:0046700;GO:1901361;GO:1901575	GO:0048646	GO:0051301	GO:0006605;GO:0006886;GO:0015031;GO:0015833;GO:0045184;GO:0042886;GO:0071702;GO:0008104;GO:0071705;GO:0006820;GO:0033036;GO:0006811	GO:0048856	GO:0006913;GO:0051169	GO:0006091	GO:0051604	GO:0006259	GO:0032196	GO:0040007	GO:0008283	GO:0065003;GO:0043933	GO:0007005	GO:0030154;GO:0048869	unknown	GO:0006629	GO:0006914;GO:0061919	GO:0006996	GO:0007155;GO:0022610	GO:0022607	GO:0030705	GO:0006810;GO:0051234;GO:0051179	GO:0061024	GO:0000003	GO:0007568	GO:0042254;GO:0022613;GO:0044085	GO:0044248	GO:0000278	GO:0006874;GO:0006875;GO:0055074;GO:0072503;GO:0030003;GO:0055065;GO:0006873;GO:0055080;GO:0098771;GO:0050801;GO:0048878;GO:0055082;GO:0019725;GO:0072507;GO:0070588;GO:0006816;GO:0098662;GO:0070838;GO:0030001;GO:0072511;GO:0006812;GO:0098655;GO:0098660;GO:0034220	GO:0006397;GO:0006396;GO:0016071	GO:0032502	GO:0008219	GO:0046907;GO:0051641;GO:0051649	GO:0071554	GO:0006950;GO:0050896	GO:0007267;GO:0007154;GO:0023052	GO:0051186	GO:0006928;GO:0048870	GO:0055085	GO:0042592;GO:0065008	GO:0140014;GO:0000280;GO:1903047;GO:0048285;GO:0022402	GO:0007010	GO:0006457	GO:0090304;GO:0006139;GO:0006725;GO:0046483;GO:1901360	GO:0007049	GO:0006464;GO:0036211;GO:0044267;GO:0019538;GO:0043412	GO:0016192	GO:0022618;GO:0034622;GO:0071826	GO:0044281	GO:0006790	GO:0050877;GO:0003008;GO:0032501	GO:0009056	GO:0007034	GO:0000902;GO:0009653
0	0.954	0.278	1.000	0.638	0.977	1.000	0.768	1.000	0.712	0.960	0.988	1.000	1.000	0.950	0.967	1.000	0.962	0.788	0.889	1.000	0.958	0.787	0.961	0.880	0.867	1	0.949	1.000	0.909	0.912	0.960	1.000	0.949	1.000	0.846	1.000	0.333	0.992	1.000	1.000	0.795	0.940	1.000	0.975	1.000	0.884	1.000	0.985	1.000	1.000	0.895	0.941	1.000	1.000	0.631	1.000	0.000	0.960	0.857	0.717	0.956	1.000	0.929	1.000	1.000
0.954	0	0.000	1.000	1.000	0.395	0.967	0.943	1.000	0.960	0.960	1.000	1.000	1.000	1.000	0.951	1.000	0.992	0.788	0.611	1.000	0.958	0.957	0.817	1.000	1.000	1	0.943	1.000	0.000	0.994	0.794	1.000	0.977	1.000	0.769	1.000	0.949	1.000	1.000	1.000	0.940	0.970	0.989	1.000	1.000	0.720	0.972	1.000	1.000	0.994	0.647	0.059	0.987	1.000	0.611	0.919	0.714	0.983	0.857	0.937	1.000	1.000	0.943	1.000	1.000
0.278	0.000	0	0.818	0.989	0.395	0.967	0.885	0.000	0.752	0.957	0.988	1.000	0.852	0.475	0.770	0.952	0.782	0.636	0.789	0.778	0.792	0.553	0.000	0.000	0.633	1	0.887	0.829	0.000	0.687	0.000	0.556	0.862	0.000	0.500	1.000	0.000	0.934	0.667	0.000	0.564	0.780	0.853	0.790	0.818	0.752	0.944	0.888	0.750	0.841	0.466	0.000	0.000	0.981	0.803	0.541	0.685	0.841	0.000	0.884	0.743	0.842	0.797	0.650	0.571
1.000	1.000	0.818	0	1.000	1.000	1.000	1.000	1.000	1.000	1.000	1.000	1.000	1.000	1.000	0.909	1.000	1.000	1.000	0.909	1.000	1.000	1.000	0.909	1.000	0.636	1	1.000	1.000	0.818	0.909	0.909	1.000	0.818	1.000	0.909	1.000	1.000	1.000	0.909	1.000	1.000	0.636	1.000	1.000	1.000	0.909	0.909	1.000	0.000	1.000	1.000	1.000	0.818	1.000	0.909	0.818	1.000	0.909	1.000	1.000	1.000	0.909	1.000	1.000	0.571
0.638	1.000	0.989	1.000	0	1.000	1.000	0.606	1.000	0.000	1.000	1.000	1.000	1.000	1.000	1.000	1.000	1.000	1.000	0.957	0.889	1.000	1.000	1.000	1.000	1.000	1	0.989	1.000	1.000	1.000	1.000	1.000	0.968	0.972	1.000	1.000	1.000	1.000	1.000	1.000	0.989	1.000	1.000	1.000	1.000	0.968	1.000	0.968	1.000	1.000	0.968	1.000	1.000	1.000	0.000	1.000	0.606	0.979	1.000	0.564	0.968	1.000	0.968	1.000	1.000
0.977	0.395	0.395	1.000	1.000	0	1.000	1.000	1.000	1.000	1.000	1.000	1.000	0.889	1.000	1.000	1.000	0.977	1.000	0.837	1.000	1.000	1.000	0.977	1.000	1.000	1	0.977	1.000	0.395	1.000	0.930	1.000	0.977	1.000	0.731	1.000	0.977	1.000	1.000	1.000	1.000	1.000	1.000	1.000	1.000	0.837	0.977	1.000	1.000	1.000	1.000	0.059	1.000	1.000	0.837	0.721	0.930	1.000	1.000	0.977	1.000	1.000	1.000	1.000	1.000
1.000	0.967	0.967	1.000	1.000	1.000	0	1.000	1.000	1.000	0.967	1.000	1.000	1.000	1.000	0.934	1.000	1.000	1.000	0.868	1.000	1.000	0.979	1.000	1.000	1.000	1	0.934	1.000	0.967	0.989	1.000	1.000	0.824	1.000	1.000	1.000	1.000	1.000	1.000	1.000	1.000	0.956	0.901	1.000	0.818	0.308	1.000	0.923	1.000	1.000	1.000	1.000	1.000	1.000	0.868	1.000	0.879	1.000	1.000	1.000	0.923	1.000	0.912	1.000	1.000
0.768	0.943	0.885	1.000	0.606	1.000	1.000	0	1.000	0.729	0.970	0.838	1.000	0.630	1.000	0.951	0.952	0.872	1.000	0.982	1.000	0.958	0.574	0.894	0.880	0.933	1	0.929	0.780	0.939	0.934	0.924	1.000	0.921	1.000	0.923	1.000	0.952	0.818	0.917	1.000	0.821	0.970	0.954	0.975	0.455	0.948	0.991	0.786	1.000	0.938	0.970	1.000	0.975	0.981	0.803	0.881	0.417	0.931	0.816	0.000	0.684	1.000	0.737	1.000	1.000
1.000	1.000	0.000	1.000	1.000	1.000	1.000	1.000	0	1.000	1.000	1.000	1.000	1.000	1.000	1.000	1.000	1.000	1.000	1.000	1.000	1.000	1.000	1.000	1.000	1.000	1	1.000	1.000	1.000	1.000	0.200	1.000	0.933	0.000	1.000	1.000	1.000	1.000	1.000	1.000	1.000	1.000	1.000	1.000	1.000	1.000	1.000	1.000	1.000	1.000	1.000	1.000	1.000	1.000	1.000	1.000	1.000	1.000	1.000	1.000	1.000	1.000	1.000	1.000	1.000
0.712	0.960	0.752	1.000	0.000	1.000	1.000	0.729	1.000	0	0.967	0.900	1.000	1.000	0.975	1.000	0.929	0.932	0.788	0.938	0.889	1.000	0.596	0.804	0.880	1.000	1	0.900	0.976	0.919	0.945	0.833	1.000	0.914	0.972	1.000	1.000	0.895	0.926	1.000	1.000	0.000	1.000	0.957	0.951	1.000	0.900	0.972	0.974	1.000	0.952	0.925	1.000	1.000	1.000	0.000	1.000	0.619	0.990	0.306	0.700	0.963	1.000	0.843	1.000	1.000
0.960	0.960	0.957	1.000	1.000	1.000	0.967	0.970	1.000	0.967	0	1.000	1.000	1.000	1.000	1.000	1.000	0.707	0.788	0.962	1.000	1.000	1.000	0.950	0.988	1.000	1	0.812	0.707	0.962	1.000	0.962	1.000	0.919	1.000	1.000	0.364	0.962	0.901	1.000	1.000	0.940	0.930	1.000	1.000	1.000	0.953	0.991	0.954	1.000	1.000	0.970	1.000	0.994	1.000	0.962	1.000	0.859	0.948	0.857	0.581	0.941	1.000	0.752	1.000	1.000
0.988	1.000	0.988	1.000	1.000	1.000	1.000	0.838	1.000	0.900	1.000	0	1.000	1.000	0.975	1.000	1.000	1.000	0.970	0.863	1.000	0.958	1.000	1.000	0.988	1.000	1	1.000	1.000	0.988	1.000	1.000	1.000	0.988	1.000	1.000	1.000	1.000	0.000	1.000	1.000	0.900	1.000	0.988	0.988	1.000	0.975	1.000	0.975	1.000	1.000	0.975	1.000	1.000	1.000	0.000	1.000	0.963	1.000	1.000	0.600	0.988	1.000	0.000	1.000	1.000
1.000	1.000	1.000	1.000	1.000	1.000	1.000	1.000	1.000	1.000	1.000	1.000	0	1.000	1.000	1.000	1.000	1.000	1.000	1.000	1.000	1.000	0.900	1.000	1.000	1.000	1	0.900	1.000	1.000	0.900	1.000	1.000	1.000	1.000	1.000	1.000	1.000	1.000	1.000	1.000	1.000	0.000	0.900	1.000	1.000	1.000	1.000	1.000	1.000	1.000	1.000	1.000	1.000	1.000	1.000	1.000	1.000	1.000	1.000	0.900	1.000	1.000	1.000	1.000	1.000
1.000	1.000	0.852	1.000	1.000	0.889	1.000	0.630	1.000	1.000	1.000	1.000	1.000	0	1.000	1.000	1.000	1.000	0.963	0.926	1.000	1.000	1.000	1.000	1.000	0.963	1	0.963	0.667	0.852	1.000	0.889	0.889	0.556	1.000	1.000	1.000	1.000	0.667	0.833	1.000	1.000	0.963	0.889	0.963	1.000	0.852	1.000	0.556	1.000	0.963	0.889	1.000	0.852	1.000	0.926	0.222	0.593	0.593	1.000	0.630	0.556	0.789	0.667	1.000	1.000
0.950	1.000	0.475	1.000	1.000	1.000	1.000	1.000	1.000	0.975	1.000	0.975	1.000	1.000	0	1.000	1.000	0.975	0.879	0.975	1.000	1.000	1.000	1.000	0.725	1.000	1	1.000	1.000	0.475	1.000	0.750	1.000	0.000	0.944	1.000	1.000	1.000	0.975	1.000	0.000	0.975	1.000	1.000	0.250	1.000	0.975	1.000	0.750	1.000	0.575	0.750	1.000	0.750	1.000	0.950	0.750	0.600	0.975	1.000	0.975	0.750	1.000	0.975	0.850	1.000
0.967	0.951	0.770	0.909	1.000	1.000	0.934	0.951	1.000	1.000	1.000	1.000	1.000	1.000	1.000	0	1.000	0.984	0.970	1.000	1.000	0.833	0.979	1.000	1.000	0.500	1	1.000	1.000	0.869	0.902	0.918	1.000	0.951	0.972	0.808	1.000	0.984	1.000	1.000	1.000	1.000	0.000	0.984	1.000	0.818	0.934	0.705	0.984	0.875	1.000	1.000	1.000	0.918	1.000	1.000	0.984	0.820	0.984	1.000	0.902	1.000	0.789	0.967	1.000	1.000
1.000	1.000	0.952	1.000	1.000	1.000	1.000	0.952	1.000	0.929	1.000	1.000	1.000	1.000	1.000	1.000	0	1.000	1.000	0.905	1.000	1.000	1.000	0.976	1.000	1.000	1	0.976	1.000	0.976	1.000	0.976	1.000	0.000	1.000	1.000	1.000	0.976	1.000	1.000	1.000	0.929	1.000	1.000	0.000	1.000	1.000	1.000	0.833	1.000	1.000	1.000	1.000	0.976	0.976	0.833	1.000	0.952	1.000	1.000	0.786	1.000	1.000	0.976	1.000	1.000
0.962	0.992	0.782	1.000	1.000	0.977	1.000	0.872	1.000	0.932	0.707	1.000	1.000	1.000	0.975	0.984	1.000	0	1.000	0.910	0.778	0.958	0.809	0.925	0.855	1.000	1	0.857	1.000	0.887	0.872	0.917	1.000	0.692	0.861	1.000	0.364	0.895	1.000	1.000	0.900	0.923	0.920	0.925	1.000	1.000	0.887	1.000	0.887	1.000	0.850	0.962	0.941	0.985	1.000	0.842	0.977	0.752	0.985	0.816	0.421	0.902	1.000	0.617	0.650	1.000
0.788	0.788	0.636	1.000	1.000	1.000	1.000	1.000	1.000	0.788	0.788	0.970	1.000	0.963	0.879	0.970	1.000	1.000	0	0.788	1.000	1.000	1.000	0.788	0.879	0.967	1	0.758	1.000	0.636	1.000	0.758	1.000	0.848	1.000	1.000	1.000	0.788	0.970	1.000	1.000	0.788	0.939	1.000	0.879	1.000	0.788	0.970	1.000	1.000	0.970	1.000	1.000	0.970	1.000	0.758	0.970	0.000	0.970	0.788	0.970	1.000	0.895	0.970	1.000	1.000
0.889	0.611	0.789	0.909	0.957	0.837	0.868	0.982	1.000	0.938	0.962	0.863	1.000	0.926	0.975	1.000	0.905	0.910	0.788	0	0.000	0.958	1.000	0.950	0.904	0.867	1	0.961	1.000	0.814	0.929	0.960	1.000	0.927	0.861	0.538	1.000	0.895	0.909	0.917	1.000	0.923	0.960	0.954	0.938	1.000	0.380	0.972	0.959	1.000	0.986	0.647	0.941	0.981	1.000	0.000	0.874	0.865	0.948	0.857	0.931	0.963	0.947	0.931	0.900	1.000
1.000	1.000	0.778	1.000	0.889	1.000	1.000	1.000	1.000	0.889	1.000	1.000	1.000	1.000	1.000	1.000	1.000	0.778	1.000	0.000	0	1.000	1.000	1.000	0.778	1.000	1	1.000	1.000	0.778	0.778	1.000	1.000	0.778	1.000	1.000	1.000	1.000	1.000	1.000	1.000	1.000	1.000	1.000	1.000	1.000	1.000	1.000	1.000	1.000	1.000	1.000	1.000	1.000	1.000	0.000	1.000	0.889	1.000	1.000	1.000	1.000	1.000	0.778	0.778	1.000
0.958	0.958	0.792	1.000	1.000	1.000	1.000	0.958	1.000	1.000	1.000	0.958	1.000	1.000	1.000	0.833	1.000	0.958	1.000	0.958	1.000	0	0.500	0.958	0.958	1.000	1	1.000	1.000	0.833	0.792	0.958	1.000	0.875	1.000	1.000	1.000	0.958	0.958	1.000	1.000	1.000	0.833	1.000	1.000	1.000	0.792	1.000	1.000	1.000	1.000	0.958	1.000	0.917	1.000	0.958	1.000	0.875	0.875	1.000	0.917	1.000	1.000	0.958	1.000	1.000
0.787	0.957	0.553	1.000	1.000	1.000	0.979	0.574	1.000	0.596	1.000	1.000	0.900	1.000	1.000	0.979	1.000	0.809	1.000	1.000	1.000	0.500	0	0.787	0.787	1.000	1	0.787	1.000	0.745	0.766	0.787	1.000	0.745	1.000	1.000	1.000	0.809	1.000	1.000	1.000	0.596	0.957	0.681	1.000	1.000	0.766	1.000	1.000	1.000	0.809	1.000	1.000	1.000	1.000	0.596	1.000	0.532	0.936	0.809	0.574	1.000	1.000	0.574	1.000	1.000
0.961	0.817	0.000	0.909	1.000	0.977	1.000	0.894	1.000	0.804	0.950	1.000	1.000	1.000	1.000	1.000	0.976	0.925	0.788	0.950	1.000	0.958	0.787	0	0.940	0.967	1	0.855	0.902	0.575	0.994	0.000	1.000	0.866	0.972	1.000	1.000	0.838	0.967	1.000	1.000	0.701	0.990	0.911	0.988	1.000	0.905	1.000	0.944	0.875	0.899	0.985	1.000	0.752	0.981	0.793	1.000	0.888	0.927	0.000	0.838	0.926	0.947	0.866	1.000	0.857
0.880	1.000	0.000	1.000	1.000	1.000	1.000	0.880	1.000	0.880	0.988	0.988	1.000	1.000	0.725	1.000	1.000	0.855	0.879	0.904	0.778	0.958	0.787	0.940	0	1.000	1	0.988	0.976	0.000	0.735	0.916	1.000	0.711	0.750	1.000	1.000	1.000	0.976	1.000	1.000	0.880	1.000	0.964	0.864	1.000	0.916	0.988	1.000	1.000	0.964	1.000	1.000	1.000	1.000	0.783	1.000	0.747	1.000	1.000	0.807	1.000	1.000	0.337	0.650	1.000
0.867	1.000	0.633	0.636	1.000	1.000	1.000	0.933	1.000	1.000	1.000	1.000	1.000	0.963	1.000	0.500	1.000	1.000	0.967	0.867	1.000	1.000	1.000	0.967	1.000	0	1	0.967	1.000	0.767	0.967	0.933	1.000	0.800	0.967	0.654	1.000	0.867	1.000	1.000	1.000	1.000	0.000	1.000	1.000	0.818	0.867	1.000	1.000	0.750	0.967	1.000	1.000	0.767	1.000	0.867	0.933	0.800	0.800	1.000	0.800	1.000	0.947	1.000	1.000	0.429
1	1	1	1	1	1	1	1	1	1	1	1	1	1	1	1	1	1	1	1	1	1	1	1	1	1	0	0.989	1.000	0.988	0.945	0.996	0.778	0.984	1.000	1.000	1.000	0.957	1.000	1.000	1.000	0.983	1.000	0.986	0.975	1.000	0.951	0.991	0.980	1.000	0.962	0.962	1.000	1.000	1.000	0.973	1.000	0.978	0.974	1.000	0.988	0.971	0.895	0.989	1.000	1.000
0.949	0.943	0.887	1.000	0.989	0.977	0.934	0.929	1.000	0.900	0.812	1.000	0.900	0.963	1.000	1.000	0.976	0.857	0.758	0.961	1.000	1.000	0.787	0.855	0.988	0.967	0.989	0	1.000	0.922	0.995	0.903	1.000	0.812	1.000	1.000	0.364	0.871	1.000	1.000	1.000	0.829	0.910	0.927	0.988	0.909	0.887	1.000	0.888	1.000	0.899	0.992	0.941	0.930	0.962	0.911	0.993	0.784	0.948	0.490	0.723	0.890	0.947	0.652	0.950	1.000
1.000	1.000	0.829	1.000	1.000	1.000	1.000	0.780	1.000	0.976	0.707	1.000	1.000	0.667	1.000	1.000	1.000	1.000	1.000	1.000	1.000	1.000	1.000	0.902	0.976	1.000	1.000	1.000	0	0.902	1.000	0.829	1.000	0.488	1.000	1.000	1.000	1.000	0.000	1.000	1.000	0.976	1.000	1.000	1.000	1.000	1.000	1.000	0.780	1.000	1.000	0.976	1.000	0.927	1.000	0.976	0.780	0.488	0.488	0.976	0.780	0.780	1.000	0.000	1.000	1.000
0.909	0.000	0.000	0.818	1.000	0.395	0.967	0.939	1.000	0.919	0.962	0.988	1.000	0.852	0.475	0.869	0.976	0.887	0.636	0.814	0.778	0.833	0.745	0.575	0.000	0.767	0.988	0.922	0.902	0	0.791	0.532	0.889	0.860	0.722	0.692	1.000	0.910	0.959	0.667	0.000	0.855	0.880	0.950	0.840	0.818	0.828	0.954	0.949	0.750	0.885	0.564	0.000	0.000	1.000	0.790	0.548	0.768	0.909	0.673	0.872	0.926	0.895	0.833	0.650	0.571
0.912	0.994	0.687	0.909	1.000	1.000	0.989	0.934	1.000	0.945	1.000	1.000	0.900	1.000	1.000	0.902	1.000	0.872	1.000	0.929	0.778	0.792	0.766	0.994	0.735	0.967	0.945	0.995	1.000	0.791	0	0.929	1.000	0.890	0.833	1.000	1.000	0.907	1.000	1.000	1.000	0.915	0.920	0.940	1.000	1.000	0.934	1.000	1.000	0.875	0.973	0.992	1.000	0.904	1.000	0.874	0.919	0.802	0.962	1.000	0.802	0.971	0.947	0.879	0.650	0.857
0.960	0.794	0.000	0.909	1.000	0.930	1.000	0.924	0.200	0.833	0.962	1.000	1.000	0.889	0.750	0.918	0.976	0.917	0.758	0.960	1.000	0.958	0.787	0.000	0.916	0.933	0.996	0.903	0.829	0.532	0.929	0	0.556	0.817	0.639	0.923	1.000	0.862	0.942	0.917	0.000	0.701	0.930	0.927	0.938	1.000	0.939	0.954	0.893	0.875	0.856	0.887	1.000	0.433	0.981	0.860	0.674	0.838	0.901	0.000	0.842	0.779	0.895	0.899	1.000	0.857
1.000	1.000	0.556	1.000	1.000	1.000	1.000	1.000	1.000	1.000	1.000	1.000	1.000	0.889	1.000	1.000	1.000	1.000	1.000	1.000	1.000	1.000	1.000	1.000	1.000	1.000	0.778	1.000	1.000	0.889	1.000	0.556	0	0.000	1.000	1.000	1.000	1.000	1.000	1.000	1.000	1.000	1.000	1.000	0.000	1.000	1.000	1.000	1.000	1.000	1.000	1.000	1.000	0.889	1.000	1.000	0.889	1.000	1.000	1.000	1.000	1.000	1.000	1.000	1.000	1.000
0.949	0.977	0.862	0.818	0.968	0.977	0.824	0.921	0.933	0.914	0.919	0.988	1.000	0.556	0.000	0.951	0.000	0.692	0.848	0.927	0.778	0.875	0.745	0.866	0.711	0.800	0.984	0.812	0.488	0.860	0.890	0.817	0.000	0	0.444	0.808	0.000	0.881	0.818	0.958	0.000	0.863	0.800	0.894	0.000	1.000	0.847	0.907	0.786	0.875	0.000	0.857	1.000	0.803	0.904	0.928	0.815	0.862	0.000	0.633	0.891	0.801	0.895	0.836	0.000	0.857
1.000	1.000	0.000	1.000	0.972	1.000	1.000	1.000	0.000	0.972	1.000	1.000	1.000	1.000	0.944	0.972	1.000	0.861	1.000	0.861	1.000	1.000	1.000	0.972	0.750	0.967	1.000	1.000	1.000	0.722	0.833	0.639	1.000	0.444	0	1.000	1.000	1.000	1.000	1.000	1.000	1.000	0.972	0.972	0.944	1.000	0.833	1.000	0.972	1.000	1.000	1.000	1.000	0.972	1.000	0.833	0.972	0.861	0.833	1.000	0.861	0.972	1.000	0.861	1.000	1.000
0.846	0.769	0.500	0.909	1.000	0.731	1.000	0.923	1.000	1.000	1.000	1.000	1.000	1.000	1.000	0.808	1.000	1.000	1.000	0.538	1.000	1.000	1.000	1.000	1.000	0.654	1.000	1.000	1.000	0.692	1.000	0.923	1.000	0.808	1.000	0	1.000	0.808	1.000	1.000	1.000	1.000	0.654	1.000	1.000	0.818	0.577	0.923	1.000	1.000	1.000	1.000	1.000	0.923	1.000	0.538	0.500	0.846	0.846	1.000	0.769	1.000	0.947	1.000	1.000	1.000
1.000	1.000	1.000	1.000	1.000	1.000	1.000	1.000	1.000	1.000	0.364	1.000	1.000	1.000	1.000	1.000	1.000	0.364	1.000	1.000	1.000	1.000	1.000	1.000	1.000	1.000	1.000	0.364	1.000	1.000	1.000	1.000	1.000	0.000	1.000	1.000	0	1.000	1.000	1.000	1.000	1.000	0.000	1.000	1.000	1.000	1.000	1.000	1.000	1.000	1.000	1.000	1.000	1.000	1.000	1.000	1.000	0.273	1.000	1.000	0.364	1.000	1.000	0.364	1.000	1.000
0.333	0.949	0.000	1.000	1.000	0.977	1.000	0.952	1.000	0.895	0.962	1.000	1.000	1.000	1.000	0.984	0.976	0.895	0.788	0.895	1.000	0.958	0.809	0.838	1.000	0.867	0.957	0.871	1.000	0.910	0.907	0.862	1.000	0.881	1.000	0.808	1.000	0	1.000	1.000	1.000	0.812	0.950	0.876	0.988	1.000	0.848	1.000	1.000	1.000	0.913	0.917	0.941	0.936	1.000	0.824	0.993	0.324	0.929	0.408	0.852	0.971	1.000	0.952	1.000	1.000
0.992	1.000	0.934	1.000	1.000	1.000	1.000	0.818	1.000	0.926	0.901	0.000	1.000	0.667	0.975	1.000	1.000	1.000	0.970	0.909	1.000	0.958	1.000	0.967	0.976	1.000	1.000	1.000	0.000	0.959	1.000	0.942	1.000	0.818	1.000	1.000	1.000	1.000	0	1.000	1.000	0.923	1.000	0.992	0.988	1.000	0.983	1.000	0.909	1.000	1.000	0.975	1.000	0.975	1.000	0.331	0.926	0.802	0.826	0.980	0.661	0.917	1.000	0.000	1.000	1.000
1.000	1.000	0.667	0.909	1.000	1.000	1.000	0.917	1.000	1.000	1.000	1.000	1.000	0.833	1.000	1.000	1.000	1.000	1.000	0.917	1.000	1.000	1.000	1.000	1.000	1.000	1.000	1.000	1.000	0.667	1.000	0.917	1.000	0.958	1.000	1.000	1.000	1.000	1.000	0	1.000	1.000	1.000	1.000	1.000	1.000	0.875	1.000	1.000	0.875	1.000	1.000	1.000	0.667	1.000	0.917	0.000	0.667	0.958	1.000	0.917	1.000	1.000	0.917	1.000	1.000
1.000	1.000	0.000	1.000	1.000	1.000	1.000	1.000	1.000	1.000	1.000	1.000	1.000	1.000	0.000	1.000	1.000	0.900	1.000	1.000	1.000	1.000	1.000	1.000	1.000	1.000	1.000	1.000	1.000	0.000	1.000	0.000	1.000	0.000	1.000	1.000	1.000	1.000	1.000	1.000	0	1.000	1.000	1.000	1.000	1.000	1.000	1.000	0.000	1.000	0.000	0.000	1.000	0.000	1.000	1.000	0.000	0.000	1.000	1.000	0.900	0.000	1.000	1.000	1.000	1.000
0.795	0.940	0.564	1.000	0.989	1.000	1.000	0.821	1.000	0.000	0.940	0.900	1.000	1.000	0.975	1.000	0.929	0.923	0.788	0.923	1.000	1.000	0.596	0.701	0.880	1.000	0.983	0.829	0.976	0.855	0.915	0.701	1.000	0.863	1.000	1.000	1.000	0.812	0.923	1.000	1.000	0	1.000	0.923	0.951	1.000	0.846	0.972	0.983	1.000	0.915	0.932	1.000	1.000	1.000	0.000	1.000	0.624	0.991	0.306	0.803	0.983	1.000	0.744	1.000	1.000
0.940	0.970	0.780	0.636	1.000	1.000	0.956	0.970	1.000	1.000	0.930	1.000	0.000	0.963	1.000	0.000	1.000	0.920	0.939	0.960	1.000	0.833	0.957	0.990	1.000	0.000	1.000	0.910	1.000	0.880	0.920	0.930	1.000	0.800	0.972	0.654	0.000	0.950	1.000	1.000	1.000	1.000	0	0.980	1.000	0.818	0.920	0.820	0.990	0.750	0.990	1.000	1.000	0.910	0.981	0.960	0.980	0.760	0.930	1.000	0.820	1.000	0.737	0.910	1.000	0.000
1.000	0.989	0.853	1.000	1.000	1.000	0.901	0.954	1.000	0.957	1.000	0.988	0.900	0.889	1.000	0.984	1.000	0.925	1.000	0.954	1.000	1.000	0.681	0.911	0.964	1.000	0.986	0.927	1.000	0.950	0.940	0.927	1.000	0.894	0.972	1.000	1.000	0.876	0.992	1.000	1.000	0.923	0.980	0	1.000	1.000	0.881	1.000	0.985	1.000	0.928	0.970	1.000	0.962	1.000	0.913	0.956	0.922	0.940	0.694	0.927	0.978	0.842	0.954	1.000	1.000
0.975	1.000	0.790	1.000	1.000	1.000	1.000	0.975	1.000	0.951	1.000	0.988	1.000	0.963	0.250	1.000	0.000	1.000	0.879	0.938	1.000	1.000	1.000	0.988	0.864	1.000	0.975	0.988	1.000	0.840	1.000	0.938	0.000	0.000	0.944	1.000	1.000	0.988	0.988	1.000	1.000	0.951	1.000	1.000	0	1.000	0.988	1.000	0.914	1.000	0.914	1.000	1.000	0.975	0.981	0.889	0.988	0.901	0.988	1.000	0.889	1.000	1.000	0.975	0.850	1.000
1.000	1.000	0.818	1.000	1.000	1.000	0.818	0.455	1.000	1.000	1.000	1.000	1.000	1.000	1.000	0.818	1.000	1.000	1.000	1.000	1.000	1.000	1.000	1.000	1.000	0.818	1.000	0.909	1.000	0.818	1.000	1.000	1.000	1.000	1.000	0.818	1.000	1.000	1.000	1.000	1.000	1.000	0.818	1.000	1.000	0	0.818	1.000	1.000	1.000	1.000	1.000	1.000	0.818	1.000	1.000	1.000	0.909	1.000	1.000	0.455	1.000	1.000	0.636	1.000	1.000
0.884	0.720	0.752	0.909	0.968	0.837	0.308	0.948	1.000	0.900	0.953	0.975	1.000	0.852	0.975	0.934	1.000	0.887	0.788	0.380	1.000	0.792	0.766	0.905	0.916	0.867	0.951	0.887	1.000	0.828	0.934	0.939	1.000	0.847	0.833	0.577	1.000	0.848	0.983	0.875	1.000	0.846	0.920	0.881	0.988	0.818	0	0.991	0.908	1.000	0.957	0.744	0.941	1.000	0.923	0.353	0.830	0.794	0.953	0.673	0.908	0.904	0.789	0.868	1.000	1.000
1.000	0.972	0.944	0.909	1.000	0.977	1.000	0.991	1.000	0.972	0.991	1.000	1.000	1.000	1.000	0.705	1.000	1.000	0.970	0.972	1.000	1.000	1.000	1.000	0.988	1.000	0.991	1.000	1.000	0.954	1.000	0.954	1.000	0.907	1.000	0.923	1.000	1.000	1.000	1.000	1.000	0.972	0.820	1.000	1.000	1.000	0.991	0	1.000	1.000	0.963	0.981	1.000	0.972	1.000	0.944	0.963	0.963	0.972	1.000	0.981	1.000	0.947	1.000	1.000	1.000
0.985	1.000	0.888	1.000	0.968	1.000	0.923	0.786	1.000	0.974	0.954	0.975	1.000	0.556	0.750	0.984	0.833	0.887	1.000	0.959	1.000	1.000	1.000	0.944	1.000	1.000	0.980	0.888	0.780	0.949	1.000	0.893	1.000	0.786	0.972	1.000	1.000	1.000	0.909	1.000	0.000	0.983	0.990	0.985	0.914	1.000	0.908	1.000	0	1.000	0.918	0.895	1.000	0.936	1.000	0.923	0.837	0.857	0.949	1.000	0.306	0.287	0.842	0.709	1.000	1.000
1.000	1.000	0.750	0.000	1.000	1.000	1.000	1.000	1.000	1.000	1.000	1.000	1.000	1.000	1.000	0.875	1.000	1.000	1.000	1.000	1.000	1.000	1.000	0.875	1.000	0.750	1.000	1.000	1.000	0.750	0.875	0.875	1.000	0.875	1.000	1.000	1.000	1.000	1.000	0.875	1.000	1.000	0.750	1.000	1.000	1.000	1.000	1.000	1.000	0	1.000	1.000	1.000	0.750	1.000	1.000	0.875	1.000	0.875	1.000	1.000	1.000	1.000	1.000	1.000	0.857
1.000	0.994	0.841	1.000	1.000	1.000	1.000	0.938	1.000	0.952	1.000	1.000	1.000	0.963	0.575	1.000	1.000	0.850	0.970	0.986	1.000	1.000	0.809	0.899	0.964	0.967	0.962	0.899	1.000	0.885	0.973	0.856	1.000	0.000	1.000	1.000	1.000	0.913	1.000	1.000	0.000	0.915	0.990	0.928	0.914	1.000	0.957	0.963	0.918	1.000	0	0.917	1.000	0.866	0.923	0.938	0.911	0.894	0.918	0.633	0.856	0.926	0.947	0.952	1.000	1.000
0.895	0.647	0.466	1.000	0.968	1.000	1.000	0.970	1.000	0.925	0.970	0.975	1.000	0.889	0.750	1.000	1.000	0.962	1.000	0.647	1.000	0.958	1.000	0.985	1.000	1.000	0.962	0.992	0.976	0.564	0.992	0.887	1.000	0.857	1.000	1.000	1.000	0.917	0.975	1.000	0.000	0.932	1.000	0.970	1.000	1.000	0.744	0.981	0.895	1.000	0.917	0	1.000	0.902	1.000	0.556	0.880	0.782	0.962	0.980	0.872	0.895	0.737	0.955	1.000	1.000
0.941	0.059	0.000	1.000	1.000	0.059	1.000	1.000	1.000	1.000	1.000	1.000	1.000	1.000	1.000	1.000	1.000	0.941	1.000	0.941	1.000	1.000	1.000	1.000	1.000	1.000	1.000	0.941	1.000	0.000	1.000	1.000	1.000	1.000	1.000	1.000	1.000	0.941	1.000	1.000	1.000	1.000	1.000	1.000	1.000	1.000	0.941	1.000	1.000	1.000	1.000	1.000	0	1.000	1.000	0.941	1.000	0.882	1.000	1.000	0.941	1.000	1.000	1.000	1.000	1.000
1.000	0.987	0.000	0.818	1.000	1.000	1.000	0.975	1.000	1.000	0.994	1.000	1.000	0.852	0.750	0.918	0.976	0.985	0.970	0.981	1.000	0.917	1.000	0.752	1.000	0.767	1.000	0.930	0.927	0.000	0.904	0.433	0.889	0.803	0.972	0.923	1.000	0.936	0.975	0.667	0.000	1.000	0.910	0.962	0.975	0.818	1.000	0.972	0.936	0.750	0.866	0.902	1.000	0	1.000	0.981	0.615	0.841	0.885	0.816	0.834	0.926	0.895	0.975	1.000	0.571
1.000	1.000	0.981	1.000	1.000	1.000	1.000	0.981	1.000	1.000	1.000	1.000	1.000	1.000	1.000	1.000	0.976	1.000	1.000	1.000	1.000	1.000	1.000	0.981	1.000	1.000	1.000	0.962	1.000	1.000	1.000	0.981	1.000	0.904	1.000	1.000	1.000	1.000	1.000	1.000	1.000	1.000	0.981	1.000	0.981	1.000	0.923	1.000	1.000	1.000	0.923	1.000	1.000	1.000	0	1.000	1.000	0.769	1.000	1.000	0.981	1.000	1.000	0.981	1.000	0.857
0.631	0.611	0.803	0.909	0.000	0.837	0.868	0.803	1.000	0.000	0.962	0.000	1.000	0.926	0.950	1.000	0.833	0.842	0.758	0.000	0.000	0.958	0.596	0.793	0.783	0.867	0.973	0.911	0.976	0.790	0.874	0.860	1.000	0.928	0.833	0.538	1.000	0.824	0.331	0.917	1.000	0.000	0.960	0.913	0.889	1.000	0.353	0.944	0.923	1.000	0.938	0.556	0.941	0.981	1.000	0	0.874	0.810	0.940	0.306	0.820	0.919	0.947	0.734	0.900	1.000
1.000	0.919	0.541	0.818	1.000	0.721	1.000	0.881	1.000	1.000	1.000	1.000	1.000	0.222	0.750	0.984	1.000	0.977	0.970	0.874	1.000	1.000	1.000	1.000	1.000	0.933	1.000	0.993	0.780	0.548	0.919	0.674	0.889	0.815	0.972	0.500	1.000	0.993	0.926	0.000	0.000	1.000	0.980	0.956	0.988	1.000	0.830	0.963	0.837	0.875	0.911	0.880	1.000	0.615	1.000	0.874	0	0.585	0.911	1.000	0.778	0.837	0.737	0.919	1.000	1.000
0.000	0.714	0.685	1.000	0.606	0.930	0.879	0.417	1.000	0.619	0.859	0.963	1.000	0.593	0.600	0.820	0.952	0.752	0.000	0.865	0.889	0.875	0.532	0.888	0.747	0.800	0.978	0.784	0.488	0.768	0.802	0.838	1.000	0.862	0.861	0.846	0.273	0.324	0.802	0.667	0.000	0.624	0.760	0.922	0.901	0.909	0.794	0.963	0.857	1.000	0.894	0.782	0.882	0.841	0.769	0.810	0.585	0	0.802	0.653	0.642	0.757	0.842	0.738	0.900	1.000
0.960	0.983	0.841	0.909	0.979	1.000	1.000	0.931	1.000	0.990	0.948	1.000	1.000	0.593	0.975	0.984	1.000	0.985	0.970	0.948	1.000	0.875	0.936	0.927	1.000	0.800	0.974	0.948	0.488	0.909	0.962	0.901	1.000	0.000	0.833	0.846	1.000	0.929	0.826	0.958	1.000	0.991	0.930	0.940	0.988	1.000	0.953	0.972	0.949	0.875	0.918	0.962	1.000	0.885	1.000	0.940	0.911	0.802	0	0.816	0.858	0.934	0.947	0.897	1.000	0.857
0.857	0.857	0.000	1.000	1.000	1.000	1.000	0.816	1.000	0.306	0.857	1.000	1.000	1.000	1.000	1.000	1.000	0.816	0.788	0.857	1.000	1.000	0.809	0.000	1.000	1.000	1.000	0.490	0.976	0.673	1.000	0.000	1.000	0.633	1.000	1.000	1.000	0.408	0.980	1.000	1.000	0.306	1.000	0.694	1.000	1.000	0.673	1.000	1.000	1.000	0.633	0.980	1.000	0.816	1.000	0.306	1.000	0.653	0.816	0	0.633	1.000	1.000	0.796	1.000	1.000
0.717	0.937	0.884	1.000	0.564	0.977	1.000	0.000	1.000	0.700	0.581	0.600	0.900	0.630	0.975	0.902	0.786	0.421	0.970	0.931	1.000	0.917	0.574	0.838	0.807	0.800	0.988	0.723	0.780	0.872	0.802	0.842	1.000	0.891	0.861	0.769	0.364	0.852	0.661	0.917	0.900	0.803	0.820	0.927	0.889	0.455	0.908	0.981	0.306	1.000	0.856	0.872	0.941	0.834	0.981	0.820	0.778	0.642	0.858	0.633	0	0.390	1.000	0.583	1.000	1.000
0.956	1.000	0.743	1.000	0.968	1.000	0.923	0.684	1.000	0.963	0.941	0.988	1.000	0.556	0.750	1.000	1.000	0.902	1.000	0.963	1.000	1.000	1.000	0.926	1.000	1.000	0.971	0.890	0.780	0.926	0.971	0.779	1.000	0.801	0.972	1.000	1.000	0.971	0.917	1.000	0.000	0.983	1.000	0.978	1.000	1.000	0.904	1.000	0.287	1.000	0.926	0.895	1.000	0.926	1.000	0.919	0.837	0.757	0.934	1.000	0.390	0	0.842	0.669	1.000	1.000
1.000	1.000	0.842	0.909	1.000	1.000	1.000	1.000	1.000	1.000	1.000	1.000	1.000	0.789	1.000	0.789	1.000	1.000	0.895	0.947	1.000	1.000	1.000	0.947	1.000	0.947	0.895	0.947	1.000	0.895	0.947	0.895	1.000	0.895	1.000	0.947	1.000	1.000	1.000	1.000	1.000	1.000	0.737	0.842	1.000	1.000	0.789	0.947	0.842	1.000	0.947	0.737	1.000	0.895	1.000	0.947	0.737	0.842	0.947	1.000	1.000	0.842	0	1.000	1.000	1.000
0.929	0.943	0.797	1.000	0.968	1.000	0.912	0.737	1.000	0.843	0.752	0.000	1.000	0.667	0.975	0.967	0.976	0.617	0.970	0.931	0.778	0.958	0.574	0.866	0.337	1.000	0.989	0.652	0.000	0.833	0.879	0.899	1.000	0.836	0.861	1.000	0.364	0.952	0.000	0.917	1.000	0.744	0.910	0.954	0.975	0.636	0.868	1.000	0.709	1.000	0.952	0.955	1.000	0.975	0.981	0.734	0.919	0.738	0.897	0.796	0.583	0.669	1.000	0	0.650	1.000
1.000	1.000	0.650	1.000	1.000	1.000	1.000	1.000	1.000	1.000	1.000	1.000	1.000	1.000	0.850	1.000	1.000	0.650	1.000	0.900	0.778	1.000	1.000	1.000	0.650	1.000	1.000	0.950	1.000	0.650	0.650	1.000	1.000	0.000	1.000	1.000	1.000	1.000	1.000	1.000	1.000	1.000	1.000	1.000	0.850	1.000	1.000	1.000	1.000	1.000	1.000	1.000	1.000	1.000	1.000	0.900	1.000	0.900	1.000	1.000	1.000	1.000	1.000	0.650	0	1.000
1.000	1.000	0.571	0.571	1.000	1.000	1.000	1.000	1.000	1.000	1.000	1.000	1.000	1.000	1.000	1.000	1.000	1.000	1.000	1.000	1.000	1.000	1.000	0.857	1.000	0.429	1.000	1.000	1.000	0.571	0.857	0.857	1.000	0.857	1.000	1.000	1.000	1.000	1.000	1.000	1.000	1.000	0.000	1.000	1.000	1.000	1.000	1.000	1.000	0.857	1.000	1.000	1.000	0.571	0.857	1.000	1.000	1.000	0.857	1.000	1.000	1.000	1.000	1.000	1.000	0
